11
οὒ

11

111

1118 11ΙΡΟΒΤΛΝΤ.

1)·111111 nne 11111111 111111111111111111111 regionem 11 mondo, 1111111111 1111111111 1111111111 1111’11111111111 11 font
1111 111111111111111 ono oo moins 11111111 111111111111. 1111111111 011111Ιί1111111111111111111111111111111111 ce
1111111 1111111 111 1111 11111111. ’1111111111 1 nio 1111 existence on leur 111111111111; {orroeon 1 1111111111 11111111111111
on 1111111 1111111111111. reponantur [111111111111111111111111111111111 111, 11 1111111111111111111 1111 en 1111111
1111111111111111 11111111 plus 11111111111111111 111111 1111111-11 11111111111111111111 d'erenernenlsqu'aneune pruderno

11111111 11 1111111 11111111111111111111,111111111111111111111111111 (1111111111 11 1111111111 re dn 0111111 1111
111111111111111,(1011111111111111111111 1111111111111111111 11111111, 11111 n’i 1111111111111
1111111111. 1111111111, parm} les 111111111111111111 1111111 sone trouver en 1111111, 1 en est 31111 11111111111111-
1111111111 1111111111, 11111111111111 11111111111111, 1111111111 1111111111111111111 consequenter. 111 1111111 111 nares
111111111111111 sont 1111111, 1111111111. 1111 1111 111111111111111111 leurs 1111111111, 11 11111111 11111111 que nos 1151111111
11111111 1111 1111111111111111111111111. 111 11111111 11111111111111111111 01111111, qni, 111111 11 1111111111, 1111111
que 11111111111111111 1111 111111111111111, 1111111111 11111 1111 dans 11111111 iemps 11 1111111111 11111111, 11 1111111111,
11 1111111 1111 11 ronne 1111111111111111 1 111 111111 r 111111, 11 correction 111111111111111111 111 effer, 11111111-1’1111·11
11111111 1111111111 11111111 111111-1·111111·, si le. 11111 111 eterit inexact 111 iuniore.

11111 [111-1111 11111,11111111111111111, 11111111111111 dans 111 1111111111 11 1111111111ὴί1 1111111111 11111111 111
1111111111· 1111 111111111111, alin 111 1111111111 plns 111111111111 etde donner 1111111111111 1111111111 prix, 11111111 1111111111
111 11111111 11111111111111111111111111 1111111111 1111111 1111111111 11 1111111111 111-1111111111 donner 11111111 1111111-
ῃιωῑρς 1. presque 1111 oo 1111 sedile: il 111 1111 111111111111111111111 11111111111111111111111111, 11111111111 n divorsos
Publioniorn. 1111111 1111111111 oo 11111 11111 ou 11111 leno. 11111, 1111111111 111111111111111, 1111111111111111111
11111 11 1111111 1111 presses 111111, 11 11111111111111111111111111,11111111-1, dn 11111,111111111(111 11 1111 11111111 11111
111 orn-rages 1111111111 11111111, 11111111111111111111111111 sons rous les 1111111111, ouant 1 11 correction, 11 111
111 1111 11111111 1111111111 111 1111111111 1111111111 1111111111111111111111111111111111111111111. Et 1111111111 11 seron-il
1111111111, 1 1111 1111111111 1111111111 1111111 11111111111111111111 1111111111 1111111111 purger 1111111111111 do
rooles 111111·Ι 1,·11111111111, 1111111111111111, 1111111 11111111 1111111111111111111,111111 111 corrigatque 11111 1111111111
11 11111 11111111 1111111111111111111111111111,111111111111111111111 nen 11 manuscrrtdo 1111111.

11111111111111111 0111111111 11 1111111111 111 111111111111111111111111111. 1111111111 (111111111111111111111111 sons
1111111111111 111111 11 1111111111 111111111111111111 111 sans 111111 1111111111111, 11 commoneo 1111 1111111111 11 copie d'on
11111 1 111111 sons 111 1111111111 1111 mor. On 111 ensuite en premiere 11111111111111 copie 11111 1111111111. On 111
en 11111111 111. 11 11111111 11111111, 11111111111ῐ1111111111111·1111 premiere. 011111 11 111-1111111111 111 111111,1111111-
noanon 1111· 11 seconde. On 11111 111 1111111 111 11111111, 11 111111111111111 1111 11 111111. 01111111111111111111111 11111-
111111 en 11111111, 11111111111111111 11111111111111. 111111111111111111111111111111111 1111111 rnir si 1111111 (111 111111
1111111111 111 11111111 par 1111. 111 conectens, 11111 merge. 111111111111, 111 1111111111 11111. 11111111111111111 11
111111111111111111. Aones 1111111111111111 11111111 1111111111 111111, per 111111, 1111111111111 111111111111
1111111111 1111111111111,1·11111 1111111111, 11 1111111111 ou 111111 111111 ou 11111; 1111111 1111111. 11111111111111111, 11
1111111111 1111111611 1111111 11111111 1111111111111, 11 1111, 1111, 11111111, une nouvelle 1111111 d'un 11111 11 11-
11111111, 1 111111, on se livre 1 111111111111111111111, 11 11 {eroge n'arrire 1111111111111 111111111111111 111111111111,

11111111 1-11 1 111111111111111 corner-leurs 111 11111111111111111 11 en 11111 11111111111111111 11111 dans 1111111111
1111111111111111 Poris 11111111 11111 encore 11 1111111111 1111111-1-1111 1111111111 1111111111111, 111111111111111111
1111 111 1111111111, 11, (11111111 1 111111111111111 1111 1111111111 punse nornine 1111111111,1“11111111111 11111111 por
11111 111 1111111111 11111, 1111-1111 1111, 11 1111111111 111111111111111111 11111111 011111111111111111111111111 11111111111111111
celles 111111111111111111111 nonencors 111111111111111111111111 111111111111111111111111 Peren 11 Sirrnond. 1111 ron
1111111111,11 11111, 1111111111. 11111111 11111111 111 111111111111111111 1111111111111111111111 1111 correspondent, en groo
11111111111111111,11111111111111111 qne l'inrraisemblable 111 uno 1111111. r,

1111111111, 1111111111 1111111111, plns preoccupes 11111111 destrues qne 11111 111111111111111111111111 1111111111
nint (1111111111 111 profession, 11111111, 1111111 11111111111111111 1111111111, mnis 11 (1111111111 11· trouver, 1111
'nuto 111111111111111111111111111111 11111111 111, 1111111111. 111 plns 1111 111111111111, 11111111 111 16111111, 1111111111 1111111111
11111111 sur 1111111111111111, 11111111111111111 11111 11111111111111 1111 1111111, pendant 11111 111 ,11111111 6111111111,
111111111111111111111111111 1111111111111111 Τ1111111111,11’111111111 11 11111 11111111 que. snr 1111 imprimes.

Le 11. P. 1111111111,1111111 111111111111111 1111111111,11111 11111111, 11 ,1111111111 1111111, 11111111 111 11111111 11
111-111111 1111111111111, 1111111111111111111111111 1111111111 111111. 11. 1111111111, 11111111111111 ’1111111111 ’1 11111-
1111111111 1111111111111 1·111..“1111111111111“81111111111111111 111 la 11111111 11111, nous nranoaionr. 1 11 11111111 111 11111111,
11111111 1111111111111111111111111111 11111111 111111, 1111111111 11 *nimandans 11 11111111 notre 1111111111111111. 11111,
11, ,1111111111 111111ἶ11ἲ11111111111111111111, 11 11. 1111111111, 1111111111 1111111111 111 11111111111111111111111, nris 111
1111 d'r· 11111 1111111111 111111111111111111111111111111111, ont 111 111111 1111111111111 11111111111111111111111
presuras-410 111111 1111111111111111111131111111111111111 11111111111111111 1111111111111 111· 1111111111111111, 11. 11 qni
1111111111» ’111111111111111-11111111111111-1.1;1,1111111,111 1111111111 1111111111111111 1111111111 11 15 1111111111
1111 1111111111111311111111111111111111111 1111111 1111111111 11111111 111 111 111111111,1111111111 111111111111.

..2 1111111111· {rof 11111111, 1111111111 des εο1111111111111,11111.111 11111111111111111 1111111111111· 11 1111111111 1111111116

1111111. correction 111-111111111111111111-11111111 111111111111111 111111 111·1111111111.11 11111· neonis 1111111111 11, 11
111 1111111111 111111 1111111111 111111 1 1111111111111111 1111111111, 1111111111 11 1111111111. saron. 11 revision 1111111111
111111111111, 111 111 1111111111111111 11111111. niori 1111111 111111 1111111111, 111 111111 ir nresurt qn'rl 1111111111 1111111111,
111111111111111 pour 111111 11111 11111111 1111111. Quor-anu· 1111111111 ,1111111111 11111111 11111111 pendant 111 ons, 11 une
1111111111 11111 1111111111 111111111111111111111111111111111 111111 1111111111111 111 important eon:n*·le. 11111111
1111111111, 111 111111111111111111111111 0111111111111,11111 11111 1111111111111111 onero 111111 por 11 1111111111 111 1111
1111111111, 1111111111. 1111111,111111111111111, 111111111111111111 ni 111111 aneon pays5 11111111 111 1111111111 qni
1111111111 11 1111111111 111111111111111111 11111 11111111 1111111111111111 11 d'nn pnr si 1111111111ῑῖ 11 11111
certes 1111111111 1111111111 111111 111111111111111 1111111’11,111111 111 111111111111111111111111111111 11111111 11 1111111111,
11111111 11111111111Ἐ111111111111111 1111111111111111111111111111111111111111111 1111111 eree 11111111111111111 qne 11111 111
11 [111111111111111111111111 111 611111. 11 1111111111111111111 1111111111111111111111 1111111, 11111111 11111 qni 11 111111
1 111-111111111111111 11111 nore. 111 consequence. 11111 juger 111 111111111ιί111 1111 ,11111111 1111111111111111 rapport
111 11 correction, il ne 111111111111111111111· 11111111111111111111 1111 11111111 11111. 111111111111111111111111111111111111
1111111111111111111111 onir-nnn 111 111 1111111111 111. 1111111 aursi 1111111111. 0111111111 neronisque 11 11111111111ἱ
1111111111 111 111111,11111111111111111 1111111111, 111111 11111 111111 1111111 11; 11111111 111111, 11 1111111111 11 1111111111,
111 on 1 11111111111111111 11 corriget 111’111“111111111·111111 111. 1111111. 3111111111 1 111 11111 1111 M. [1111 1, 11 Gneo
1111 1111 111111, 11 111111 11 11 11111111111111111111111111111111111111 111 11 1111111111 111 111 langues.

1111111111111111 11111111111111111 11111111111111111 1111 1111 111-11111111111111111111 : Ensrn. norro 1111111111 1 11111 par
1111111111 111 11111111 11111·111111·11111 111111, 111 ,1111111111 111 1111111111 eren 11111111, 11111110111111111111111 nono,
11 (111-1111111 Ι1111111, 11 811111 11111111 111 11111111, Ι“1;“11·111111111111 11111111111111111111, 111111111111111111111111111111
11111 111 1111111111, 111 1111111111111, 1181111111111 ,1111111111 11 111-11. .11.1111“1ι1.1111 11111111 1111111111111111 1111
111111111111111111111111. 111 111· 1“, 111 Ι1111111111111111 111111-111111,1111111111 111111, 11 on 1111111 y 11111111, 111
11111111 111 se 1111111 111111 111 11111111111111 111111 1111111111·11;1111111111111111 1111 se 1111111111 nnus· 11111111, nien 11111.
,unns¹ 111111 1111111111, nonnos 1111111111 se 1111111111 111 11111111111111111111111 111-1111111 111111111111111111111111111,
51 une 1111111111111111111111 111111111111111111, 111, rr·- 111111111111111111111, ln 1111111111 11111111111111111111 11111111 11111 §e
11111, 1111111111 1111111111. 111111111111111· 111111111111111111111ς 11 norro-enon 11111111· 111 11111111 11111 11111111 1111111111.
11111 qu'on n'en 111 [uns ,11111 1111111111. 1111111111 111 111111111111111111“1.111;11111111111111111111111111111111111
111-11111 surgon 1111111111, 111· 111-11· 11111 11 1111111111. 1111 1111111 11111 11 eon! 11111101 nni 11 [oront 111-1111.

 

